200261
204406
220017
217121
214794
216580
173961
220306
218548
218631
202097
213594
98626
241952
218632
214743
220319
159008
218619
215336
218202
243545
117445
218935
201484
218629
234189
223227
218929
139547
156402
239327
241272
176096
238752
224446
113117
108559
112302
201772
218547
222347
239915
201722
194753
156369
224611
201727
203797
216071
215899
226651
215898
90594
147257
218544
202048
61325
222343
202056
218625
103105
101835
241509
218549
223257
194692
194705
202071
245062
209018
104363
81091
203283
214789
220085
201786
12016
200889
244366
223240
126965
241896
193323
238905
104027
218546
202646
79815
222878
202090
57337
214796
207743
142141
218557
241608
214835
35976
224583
202066
207869
106135
130144
197142
194847
196480
218579
238911
156413
209007
243513
224615
201728
222355
196268
123801
220937
158774
220931
215374
241226
221224
176170
241646
244944
200822
202084
220025
218575
104348
201773
218857
239351
218628
218555
123658
166971
212449
129975
166978
209047
156265
196488
244264
213595
203793
140033
246493
213593
223228
238750
224609
241502
221231
200263
201721
182011
218633
217781
238714
218637
246152
112380
202059
91600
202088
218859
209024
202081
195042
207763
203798
91340
206089
217374
218551
239014
215903
210805
113039
132510
112301
202099
123657
123656
161503
223258
96126
202100
246563
197731
196448
179207
203796
241663
240032
158434
200350
119066
98633
214793
111
218636
46928
202091
215348
238632
101857
196275
112492
218624
201775
90486
123715
194696
196485
194704
224601
200253
95136
70321
81081
31023
241151
241910
34767
35983
220955
217373
202094
102169
238641
244024
207768
214797
202068
202062
202092
108739
201358
218584
202065
239783
218581
218627
158494
56
66
107963
212356
75252
224399
218641
218569
48
35974
243180
116752
91490
71
67
35988
209019
47
43
57
214802
92505
119012
101817
206102
132207
246641
224600
86505
246366
202085
200885
202096
196267
201776
218630
17
242360
201724
102087
44
202054
196276
218527
215331
213598
212339
193316
110525
213635
217744
8939
224617
207870
243677
101786
218550
207874
221191
202055
142019
220304
96
40935
100582
224608
202052
202053
197736
202050
106221
95135
244025
202058
217650
218582
215932
240747
184109
218553
119025
203269
79704
194764
114971
179368
214836
200788
197735
214791
190715
166964
91433
220651
218617
220680
224614
238938
218567
82523
112491
88544
114888
242493
222342
246813
202063
212350
217733
147268
201774
220956
243986
241903
220900
147390
224441
85124
217736
119044
220065
120003
239955
219756
202072
132021
215316
242178
218576
243658
218562
244169
201707
222359
117444
209048
201731
213601
212349
123701
222349
100822
218593
212311
207861
107931
88546
114358
100252
102122
218573
196487
109186
223648
222356
241222
224404
202047
156480
202095
222700
201730
224403
217624
75266
241275
218626
222972
218568
100903
192726
217625
224602
161491
213600
212351
176505
203867
108600
242454
215905
218561
212353
219156
123698
142028
218620
213514
120025
241809
200312
239699
202087
212359
202098
223109
202057
212358
217647
125120
77150
202076
224562
196281
201480
204405
114346
202144
213639
192736
218577
69
224402
242187
212348
217649
176506
102108
224122
202067
86
222917
112920
218571
218206
220617
219158
201777
206797
89627
83533
202070
200259
242683
239842
156261
101862
222354
132128
214801
241449
244364
202064
220316
239354
118045
224597
114954
30941
246723
217376
31064
219148
102792
218239
218623
243030
204393
212366
91437
224610
221352
218559
201720
102105
239610
73
218574
222995
12
10196
222968
102455
70
42
202079
196272
123647
200887
214800
224116
95111
219446
212346
220643
218563
202101
239068
112349
202077
206087
160864
241428
142184
206101
242188
40
64
218545
239526
239255
218565
108539
46
65
105
114
202049
36
107964
218861
125285
218597
244926
202141
218578
218594
240027
90402
202083
220317
78407
92508
219189
95180
104037
125291
202075
201440
202060
88505
161608
242252
99
202142
209046
244271
224603
116795
220313
106175
241302
224607
220315
118034
156342
214795
193034
224604
203267
194701
214804
200884
220645
224405
213587
110
219165
201481
200260
125038
224400
218580
204402
161502
215900
244282
202073
75
117472
90602
216582
213638
72118
202074
202086
239716
98109
20
222358
18
12017
246138
78435
224606
193307
222961
84946
219157
123696
220308
108554
212357
233051
213640
104365
218616
98014
156345
202089
72036
40936
218552
57340
222339
59
203791
218634
221351
88549
65931
147154
202061
202069
214798
238881
209025
194763
200264
218564
240873
219164
244542
224616
100211
68799
239664
218858
239028
126957
61320
101532
85120
220015
218592
226077
61331
206100
218570
101793
202143
203792
113045
219168
201483
224612
77051
202082
201729
206088
100873
194691
88475
240250
212341
204403
101854
217615
125089
11987
223830
213637
244297
218560
130064
101490
72
147389
97181
220619
89630
90419
221244
217377
222641
144408
219159
107
95230
61328
224613
212343
219166
98685
218643
158486
147391
223889
213630
224438
206736
74
96122
82449
220321
100862
218635
103999
109868
98079
29919
239820
241576
240900
240902
242334
240963
240977
242342
242057
243053
243054
241346
241347
241348
242051
240890
240730
241179
241917
241620
241621
242276
243038
243042
242018
242019
241985
241992
242303
242347
242417
242418
242419
242562
241369
243011
243081
241711
242127
242128
246728
241815
241816
241320
242477
242225
242249
241704
241729
242306
242319
243070
242841
242844
242846
243358
241238
241243
243946
242615
241083
241085
241090
241092
241102
242608
243302
242968
241999
242000
242713
242725
242435
241877
243308
246799
243573
243994
244010
244011
243662
243655
246583
246633
243475
246608
243875
243840
244918
244919
243334
244806
242917
243823
243858
244276
246184
244383
240498
241945
241568
247676
247791
244609
244610
240688
241296
241297
241397
243193
246132
246444
246495
241279
241016
246920
247293
247294
247402
247691
247692
241036
241216
240524
246857
246904
246959
246980
3971
81086
120
77167
83537
1499
82521
68069
218572
3339
77
247833
1547
7740
42404
7716
87
241132
241009
42115
5790
218618
48681
7715
67966
12015
79733
222376
7747
221255
220911
109
101
97
47250
63777
218855
8938
220910
29908
218649
48678
100
12576
71914
13107
42114
79730
93
86514
98
11988
114322
63
42121
42120
11991
1500
103
102
76
78
108
119
98033
221218
92
18286
25367
500751
500752
500754
501325
501326
501327
501328
501329
501330
501340
501342
501344
501345
501346
501347
501348
501349
501350
501351
501374
501375
501376
501377
501378
501379
501380
501381
501382
501383
501384
501385
501386
501394
501354
501355
501356
501357
501359
501367
501368
501369
501370
501371
501372
501373
501387
501389
501391
501395
501396
501397
501498
501501
501499
501500
501502
501399
501402
501403
501404
501405
501406
501407
501408
501409
501410
501411
501412
501424
501425
501426
501427
501463
501464
501465
501466
501467
501468
501469
501472
501473
501475
501479
501480
501486
501487
501495
501512
501530
501532
501533
501534
501537
501538
501542
501543
501546
501547
501548
501549
501550
501563
501564
501565
501582
501583
501584
501596
501597
501598
501599
501600
501601
501602
501603
501612
501614
501615
501616
501617
501618
501619
501620
501621
501622
501623
501628
501635
501637
501638
501639
501640
501641
501642
501643
501654
501648
501649
501650
501651
501652
501653
501656
501657
501658
501660
501661
501665
501666
501668
501669
501671
501672
501673
501674
501678
501680
501683
501685
501686
501687
501688
501690
501691
501692
501693
501702
501704
501705
501707
501708
501709
501710
501711
501712
501713
501714
501715
501719
501720
501723
501724
501725
501726
501727
501728
501729
501730
501731
501732
501737
501738
501740
501741
501739
501743
501744
501745
501746
501747
501748
501749
501750
501752
501753
501754
501755
501756
501757
501758
501761
501762
501763
501764
501765
501766
501767
501768
501769
501770
501771
501772
501773
501774
501777
501778
501779
501780
501781
501784
501785
501786
501787
501788
501790
501792
501793
501796
501797
501798
501799
501800
501801
501802
501805
501806
501808
501817
501818
501819
501820
501821
501822
501823
501824
501825
501826
501829
501831
501832
501833
501834
501836
501841
501844
501846
501847
501852
501855
501857
501858
501861
501866
501868
501869
501870
501871
501873
501874
501878
501879
501880
501881
501882
501883
501884
501893
501894
501895
501896
501897
501898
501909
501910
501914
501916
501918
501919
501920
501921
501922
501923
501924
501925
501926
501928
501932
501941
501942
501943
501944
501946
501947
501948
501949
501950
501951
501953
501952
501954
501956
501964
501965
501966
501967
501968
501969
501970
501971
501972
501975
501976
501977
501979
501980
501986
501987
501989
501990
501991
501992
501993
501994
501995
501996
501997
501999
502001
502002
502003
502004
502006
502008
502010
502011
502015
502016
502017
502018
502019
502020
502021
502022
502024
502026
502027
502028
502030
502033
502035
502039
502041
502048
502052
502054
502056
502057
502058
502059
502060
502061
502063
502064
502065
502066
502067
502068
502069
502070
502071
502072
502073
502074
502075
502076
502077
502078
502079
502083
502084
502085
502086
502087
502088
502090
502091
502092
502093
502094
502095
502096
502097
502098
502099
502101
502102
502103
502105
502100
502107
502108
502109
502110
502115
502119
502122
502124
502125
502129
502130
502131
502132
502133
502134
502136
502140
502141
502135
502137
502142
502143
502144
502145
502146
502147
502148
502149
502150
502151
502152
502153
502154
502155
502156
502158
502159
502160
502161
502163
502168
502170
502175
502177
502178
502179
502180
502181
502182
502183
502186
502187
502188
502191
502192
502194
502198
502199
502200
502203
502204
502205
502207
502209
502216
502217
502218
502221
502227
502224
502225
502226
502228
502229
502230
502236
502237
502238
502239
502240
502241
502242
502247
502251
502252
502253
502254
502258
502259
502267
502268
502269
502271
502272
502292
502290
502296
502299
502300
502304
502317
502319
502320
502321
502322
502323
502324
502325
502326
502328
502329
502330
502331
502332
502333
502334
502327
502340
502343
502353
502368
502370
502376
502377
502378
502379
502380
502382
502383
502384
502385
502386
502387
502388
502389
502390
502391
502392
502393
502394
502395
502397
502398
502399
502417
502418
502419
502421
502422
502424
502425
502426
502427
502429
502431
502432
502433
502434
502435
502436
502437
502438
502439
502440
502441
502442
502443
502444
502445
502446
502447
502449
502450
502451
502452
502453
502454
502458
502459
502455
502456
502457
502460
502462
502463
502464
502465
502466
502467
502468
502469
502470
502476
502481
502502
502503
502506
502509
502510
502512
502513
502514
502523
502525
502526
502528
502530
502531
502534
502535
502536
502537
502540
502547
502554
502555
502556
502557
502558
502559
502561
502562
502565
502566
502567
502568
502564
502572
502573
502574
502575
502576
502577
502578
502579
502581
502582
502583
502584
502585
502586
502590
502591
502593
502595
502601
502605
502715
502870
502874
502614
502615
502617
502618
502620
502621
502624
502625
502626
502627
502628
502629
502630
502631
502632
502633
502634
502635
502636
502637
502638
502639
502640
502641
502658
502652
502653
502659
502713
502714
502716
502875
502876
502877
502663
502665
502666
502667
502668
502669
502670
502671
502674
502677
502678
502680
502684
502672
502673
502675
502682
502683
502685
502686
502687
502688
502689
502690
502691
502692
502693
502694
502701
502717
502718
502719
502720
502721
502722
502723
502724
502944
502727
502743
502745
502746
502747
502748
502758
502759
502749
502750
502751
502752
502753
502754
502763
502766
502767
502768
502769
502781
502782
502788
502789
502798
502803
502799
502801
502813
502814
502815
502817
502826
502831
502832
502837
502851
502858
502859
502860
502861
502862
502863
502864
502865
502866
502867
503273
503274
503275
503276
502871
503342
502890
502899
502906
502908
502909
502910
502911
502912
502913
502914
502919
502920
502921
502922
502923
502924
502925
502927
502934
502941
502947
502949
502950
502954
502956
502963
502964
502965
502966
502967
502968
502969
502973
502974
502975
502977
502978
502979
502980
502981
502982
502983
502984
502985
502986
502987
503012
503001
503002
503003
503004
503005
503006
503007
503009
503010
503015
503016
503017
503018
503019
503020
503021
503024
503026
503029
503030
503032
503033
503034
503035
503036
503037
503039
503040
503042
503043
503044
503047
503050
503052
503055
503057
503058
503059
503060
503071
503072
503073
503074
503076
503077
503078
503079
503080
503081
503082
503083
503084
503085
503086
503087
503088
503089
503090
503091
503092
503110
503111
503113
503114
503115
503116
503117
503127
503132
503134
503135
503136
503137
503138
503139
503140
503141
503142
503143
503144
503145
503146
503148
503149
503152
503153
503167
503168
503170
503172
503173
503980
504031
503226
503227
503228
504032
503193
503196
503199
503200
503201
503202
503203
503204
503205
503207
503212
503213
503214
503216
503220
503223
503232
503233
503235
503236
503237
503238
503239
503240
503224
503225
503229
503231
503255
503256
503262
503264
503265
503266
503269
503271
503285
503286
503290
503291
503292
503293
503294
503295
503308
503330
503341
503347
503348
503349
503350
503351
503352
503361
503362
503364
503365
503366
503367
503368
503363
503369
503373
503378
503384
503403
503404
503408
503409
503410
503411
503412
503416
503417
503418
503421
503422
503423
503424
503425
503426
503429
503431
503432
503433
503434
503435
503436
503437
503438
503439
503440
503441
503442
503443
503444
503445
503446
503447
503448
503462
503466
503468
503469
503470
503471
503473
503474
503475
503476
503477
503478
503480
503481
503482
503483
503484
503485
503486
503487
503488
503489
503490
503491
503493
503523
503530
503531
503532
503533
503552
503558
503553
503554
503555
503556
503557
503559
503560
503561
503693
503589
503592
503602
503610
503611
503612
503613
503614
503615
503616
503617
503625
503608
503618
503619
503620
503621
503622
503624
503628
503630
503631
503633
503634
503635
503637
503638
503642
503643
503644
503646
503639
503640
503645
503641
503649
503651
503652
503653
503654
503655
503657
503650
503658
503659
503660
503663
503664
503665
503666
503667
503662
503669
503673
503675
503670
503671
503672
503674
503676
503677
503678
503679
503680
503681
503682
503683
503684
503685
503686
503687
503688
503694
503696
503708
503709
503710
503712
503711
503713
503717
503716
503714
503715
503722
503718
503719
503720
503721
503723
503724
503730
503729
503744
503740
503741
503742
503743
503745
503732
503739
503733
503734
503735
503736
503737
503738
503746
503747
503749
503750
503751
503752
503753
503754
503755
503756
503761
503762
503763
503764
503765
503766
503767
503768
503769
503773
503770
503771
503774
503757
503758
503759
503760
503772
503778
503779
503780
503781
503783
503784
503775
503776
503782
503777
503786
503787
503788
503789
503790
503791
503792
503793
503794
503795
503796
503798
503797
503799
503800
503809
503802
503803
503804
503806
503807
503808
503810
503811
503812
503813
503814
503815
503816
503817
503818
503819
503820
503821
503822
503823
503824
503825
503826
503827
503828
503834
504226
503829
503830
503831
503832
503833
503835
503836
503837
503838
503842
503839
503840
503841
504035
503851
503863
503864
503865
503867
503868
503870
503871
503872
503873
503874
503875
503876
503866
503877
503878
503879
503880
503881
503882
503883
503884
503885
503886
503887
503888
503889
503890
503891
503892
503893
503894
503895
503896
503897
503898
503899
503900
503903
503901
503902
503904
503905
503906
503907
503908
503909
503910
503911
503925
503916
503912
503914
503917
503919
503927
503932
503942
503943
503944
503945
503981
504003
503973
503984
503987
503988
503994
503996
503995
503997
503998
504000
504007
504012
504045
504047
504050
504054
504055
504056
504058
504060
504061
504062
504068
504074
504075
504076
504077
504078
504079
504080
504081
504082
504083
504089
504090
504085
504084
504086
504087
504088
504091
504093
504094
504095
504096
504097
504098
504099
504092
504101
504100
504102
504103
504104
504105
504106
504107
504108
504109
504110
504116
504111
504112
504113
504114
504115
504119
504120
504121
504117
504118
504122
504123
504124
504125
504126
504127
504128
504129
504130
504131
504132
504133
504134
504135
504136
504137
504138
504139
504140
504141
504142
504146
504147
504148
504149
504150
504143
504145
504178
504179
504180
504151
504177
504164
504166
504167
504168
504155
504153
504154
504156
504157
504158
504159
504165
504161
504162
504163
504169
504170
504160
504171
504172
504173
504174
504175
504183
504184
504185
504186
504188
504189
504190
504191
504221
504192
504222
504193
504223
504194
504224
504195
504225
504196
504209
504210
504211
504212
504213
504214
504215
504216
504217
504218
504219
504235
504227
504228
504229
504230
504231
504232
504233
504234
504238
504239
504240
504241
504242
504243
504244
504245
504246
504247
504248
504250
504257
504270
504272
504274
504275
504276
504277
504278
504291
504292
504293
504281
504283
504284
504285
504286
504290
504287
504288
504289
504294
504295
504296
504297
504298
504303
504299
504300
504301
504302
504304
504305
504306
504307
504312
504315
504320
504322
504324
504325
504326
504327
504328
504329
504330
504331
504334
504335
504336
504337
504338
504339
504340
504341
504350
504351
504343
504344
504346
504352
504354
504357
504371
504360
504361
504362
504363
504364
504365
504366
504380
504381
504382
504383
504385
504388
504397
504398
504404
504405
504408
504409
504401
504406
504407
504402
504403
504411
504412
504414
504415
504416
504417
504418
504419
504422
504424
504425
504426
504438
504446
504447
504448
504449
504450
504451
504452
504453
504455
504466
504468
504469
504470
504471
504472
504473
504474
504475
504476
504477
504478
504480
504481
504482
504483
504484
504488
504485
504486
504487
504502
504503
504501
504508
504509
504510
504511
504512
504513
504575
504521
504522
504515
504516
504517
504518
504519
504523
504531
504532
504524
504549
504550
504546
504547
504548
504552
504557
504560
504565
504567
504568
504569
504570
504574
504577
504578
504579
504580
504581
504582
504591
504593
504595
504597
504606
504607
504608
504609
504610
504620
504622
504623
504624
504625
504626
504983
504723
504640
504629
504627
504649
504650
504651
504652
504654
504655
504656
504657
504658
504659
504689
504691
505266
504687
504688
504690
504725
504800
504801
504802
504806
504807
504808
504810
504811
504804
504809
504805
504812
504813
504814
504815
504816
504817
504818
504819
504820
504826
504834
504835
504836
504838
504839
504841
504842
504843
504844
504845
504847
504848
504849
504850
504852
504853
504855
504854
504857
504856
504863
504865
504866
504864
504885
504886
504887
504888
504889
504920
504927
504924
504929
504909
504912
504914
504915
504932
504918
504935
504936
504937
504938
504939
504940
504941
504942
504943
504957
504979
504975
504977
504978
504981
504982
504980
504999
505001
505054
505055
505056
505057
505058
505059
505060
505061
505062
505063
505064
505065
505066
505067
505068
505071
505069
505070
505074
505072
505073
505075
505076
505077
505078
505079
505117
505118
505119
505120
505121
505130
505131
505133
505134
505135
505137
505146
505147
505148
505149
505150
505168
505166
505167
505182
505241
505202
505203
505209
505211
505212
505213
505205
505206
505207
505216
505223
505217
505218
505219
505220
505221
505222
505224
505225
505215
505226
505227
505228
505229
505230
505231
505232
505233
505234
505236
505244
505245
505251
505255
505252
505256
505259
505261
505262
505560
505561
505273
505267
505268
505269
505270
505271
505274
505275
505276
505277
505278
505279
505394
505396
505397
505398
505399
505400
505401
505402
505403
505390
505393
505282
505285
505317
505319
505296
505303
505304
505306
505307
505309
505310
505311
505312
505313
505302
505322
505334
505336
505337
505341
505392
505441
505443
505445
505447
505536
505448
505449
505475
505476
505477
505480
505478
505479
505481
505482
505483
505484
505485
505486
505490
505491
505492
505513
505538
505541
505543
505544
505545
505546
505547
505548
505550
505551
505506
505507
505508
505542
505509
505510
505511
505512
505515
505517
505519
505521
505524
505525
505529
505531
505532
505535
505569
505571
505572
505576
505573
505574
505575
505577
505579
505580
505581
505582
505583
505584
505585
505586
505591
505587
505588
505589
505590
505592
505594
505625
505626
505627
505628
505631
505632
505617
505618
505619
505620
505593
505621
505622
505623
505624
505599
505600
505601
505602
505606
505609
505634
505635
505638
505636
505637
505639
505640
505641
505642
505643
505644
505645
505646
505650
505651
505663
505656
505657
505659
505652
505653
505654
505662
505675
505679
505687
505688
505689
505690
505691
505693
505694
505725
505726
505711
505697
505698
505699
505700
505701
505702
505703
505704
505705
505706
505707
505708
505709
505712
505716
505717
505718
505719
505720
505721
505722
505737
505738
505739
505740
505741
505742
505743
505745
505747
505746
505744
505748
505749
505768
505769
505777
505770
505771
505772
505774
505775
505778
505781
505762
505763
505773
505764
505779
505766
505767
505784
505785
505787
505788
505905
505789
505790
505792
505793
505794
505795
506050
505796
505797
505798
505799
505802
505803
505805
505806
505811
505916
505919
505917
505918
505920
505921
505922
505924
505906
505907
505908
505909
505910
505911
505912
505914
505913
505915
505982
506095
505974
505997
505998
505999
506000
505983
505984
506012
506017
505994
505995
505996
506089
506092
506093
506094
506250
506549
506959
507023
507070
507613
511072
511073
509013
509019
509997
509999
511479
511465
519283
512392
515865
518589
522463
522200
522199
518029
518051
518892
518666
519458
519679
519689
535287
526635
525902
528016
528017
528018
528019
528020
528964
528965
528947
528966
528946
528958
528948
532772
534188
534250
534219
247292
248335
247268
247273
247270
247271
247269
247290
247291
247272
247302
247303
247304
247305
247306
247307
247308
247310
247311
247309
247312
247313
247315
247316
247340
247351
247352
247353
247355
247357
247358
247359
247360
247361
247369
247363
247364
247367
247368
247370
247371
247374
247375
247399
247400
247401
247407
247404
247405
247406
247403
247408
247409
247420
247421
247422
247423
247424
247432
247433
247434
247435
247436
247437
247438
247439
247440
247441
247442
247445
247443
247444
247446
247447
247448
247449
247450
247451
247452
247453
247455
247456
247457
247461
247462
247465
247466
247467
247469
247470
247471
247472
247517
247518
247519
247520
247521
247523
247524
247525
247549
247550
247551
247552
247645
247647
247648
247649
247661
247663
247662
247668
247669
247670
247671
247672
247673
247674
247679
247700
247680
247693
247694
247695
247696
247697
247702
247708
247720
247707
247721
247722
247723
247724
247740
247744
247741
247742
247743
247739
247746
247747
247748
247749
247751
247752
247753
247761
247757
247758
247759
247760
247763
247764
247765
247766
247767
247768
247769
247788
247789
247790
247793
247794
247796
247797
247798
247801
247813
247800
247814
247815
247817
247820
247821
247822
247824
247825
247826
247827
247828
247829
247830
247835
247839
247840
247841
247854
247855
247857
247858
247863
247974
247985
247995
248006
247856
248007
248008
248009
248010
247836
248012
248013
248014
248015
248016
248017
248018
248019
248020
248021
248022
248023
248024
248025
248026
248027
248028
248029
248030
248031
248032
248033
248034
248035
248036
248037
248038
248039
248040
248041
248042
248043
248044
248047
248048
248049
248050
248051
248052
248053
248054
248055
248056
248057
248058
248059
248060
248061
248062
248063
248064
248065
248066
248067
248068
248069
248070
248071
248072
248073
248074
248075
248076
248078
248079
248085
248086
248087
248088
248080
248081
248082
248089
248090
248091
248092
248093
248094
248095
248096
248097
248098
248100
248099
248101
248103
248104
248105
248106
248107
248108
248109
248110
248112
248113
248114
248115
248116
248117
248118
248119
248130
248131
248132
248133
248136
248137
248138
248139
248140
248141
248142
248143
248144
248145
248146
248147
248152
248153
248154
248155
248158
248159
248161
248162
248164
248165
248186
248189
248194
248195
248120
248121
248122
248124
248123
248125
248126
248128
248129
248148
248149
248150
248151
248160
248156
248157
248172
248190
248191
248192
248193
248196
248197
248198
248199
248200
248201
248203
248202
248205
248204
248210
248213
248214
248215
248273
248274
248275
248279
248280
248281
248282
248289
248285
248286
248287
248288
248283
248284
248290
248295
248291
248292
248294
248293
248296
248297
248298
248299
248301
248302
248306
248309
248323
248324
248334
248336
248337
248338
248339
248340
248342
248343
248344
248345
248346
248341
248356
248357
248358
248377
248359
248360
248361
248362
248363
248507
248364
248366
248367
248368
248376
248387
248391
248390
248389
248392
248388
248430
248431
248393
248395
248410
248427
248428
248429
248439
248441
248438
248440
248446
248447
248453
248484
248485
248486
248487
248488
248489
248490
248494
248495
248496
248497
248510
248512
248513
248514
248515
248516
248575
248518
248519
248520
248521
248558
248559
248524
248522
248523
248525
248526
248529
248528
248576
248577
248531
248532
248533
248534
248535
248552
248536
248537
248538
248539
248553
248554
248555
248556
248557
248578
248517
248580
248582
248583
248584
248585
248586
248587
248588
248589
248590
248591
248592
248593
248595
248606
248659
248609
248610
248611
248612
248613
248608
248615
248616
248617
248618
248619
248626
248627
248628
248629
248630
248631
248632
248633
248634
248635
248636
248637
248638
248639
248658
246849
247289
247288
247287
247286
247565
247577
247578
247564
248209
248206
248208
248207
248563
248565
248564
252234